   9.2500000e+05
   5.0000000e+06
   8.0000000e+06
   3.5000000e+06
   9.2500000e+05
   9.2500000e+05
   5.7500000e+05
   6.0000000e+05
   6.0000000e+05
   9.2500000e+05
   7.0000000e+05
   6.0000000e+05
   6.0000000e+05
   9.2500000e+05
   9.5000000e+05
   9.2500000e+05
   9.2500000e+05
   9.2500000e+05
   4.0000000e+06
   9.2500000e+05
   5.0000000e+06
   9.2500000e+05
   9.2500000e+05
   9.2500000e+05
   9.2500000e+05
   9.2500000e+05
   9.2500000e+05
   9.2500000e+05
   9.2500000e+05
   6.0000000e+05
   6.0000000e+06
   9.2500000e+05
   8.0000000e+05
   9.2500000e+05
   4.0000000e+06
   9.2500000e+05
   5.0000000e+06
   4.2500000e+06
   7.5000000e+05
   9.2500000e+05
   5.0000000e+06
   9.2500000e+05
   1.0000000e+06
   9.2500000e+05
   4.0000000e+06
   6.0000000e+06
   7.0000000e+05
   7.0000000e+05
   9.2500000e+05
   9.2500000e+05
   6.0000000e+06
   9.2500000e+05
   9.2500000e+05
   9.2500000e+05
   5.7500000e+05
   5.7500000e+05
   3.0000000e+06
   9.2500000e+05
   6.0000000e+06
   9.2500000e+05
   9.2500000e+05
   9.2500000e+05
   4.2500000e+06
   9.2500000e+05
   9.2500000e+05
   5.0000000e+06
   5.7500000e+05
   7.0000000e+05
   4.2500000e+06
   9.2500000e+05
   9.2500000e+05
   9.2500000e+05
   9.2500000e+05
   9.2500000e+05
   9.2500000e+05
   9.2500000e+05
   5.7500000e+05
   8.0000000e+06
   9.2500000e+05
   9.2500000e+05
   9.2500000e+05
   6.0000000e+06
   5.7500000e+05
   9.2500000e+05
   9.2500000e+05
   9.2500000e+05
   5.7500000e+05
   1.7500000e+06
   9.2500000e+05
   9.2500000e+05
   5.7500000e+05
   9.2500000e+05
   5.0000000e+06
   5.0000000e+06
   5.7500000e+05
   4.0000000e+06
   9.2500000e+05
   9.2500000e+05
   9.2500000e+05
   9.2500000e+05
   5.7500000e+05
   1.0000000e+06
   9.2500000e+05
   9.2500000e+05
   9.2500000e+05
   6.0000000e+06
   6.0000000e+06
   9.2500000e+05
   9.2500000e+05
   9.2500000e+05
   9.2500000e+05
   6.0000000e+05
   9.2500000e+05
   4.0000000e+06
   9.2500000e+05
   4.2500000e+06
   4.2500000e+06
   7.5000000e+05
   9.2500000e+05
   9.2500000e+05
   5.7500000e+05
   9.2500000e+05
   5.7500000e+05
   9.2500000e+05
   1.0000000e+06
   4.2500000e+06
   9.5000000e+05
   9.2500000e+05
   6.0000000e+05
   5.7500000e+05
   9.2500000e+05
   9.2500000e+05
   9.2500000e+05
   9.2500000e+05
   9.2500000e+05
   9.2500000e+05
   9.5000000e+05
   8.0000000e+05
   9.2500000e+05
   4.0000000e+06
   9.2500000e+05
   9.2500000e+05
   9.2500000e+05
   9.2500000e+05
   9.2500000e+05
   6.0000000e+06
   5.7500000e+05
   9.2500000e+05
   9.2500000e+05
   5.7500000e+05
   6.0000000e+06
   9.2500000e+05
   5.7500000e+05
   5.7500000e+05
   9.2500000e+05
   9.2500000e+05
   9.2500000e+05
   4.0000000e+06
   5.7500000e+05
   9.2500000e+05
   9.2500000e+05
   5.7500000e+05
   8.0000000e+05
   9.5000000e+05
   1.0000000e+06
   9.2500000e+05
   4.2500000e+06
   5.0000000e+06
   9.2500000e+05
   9.2500000e+05
   9.2500000e+05
   9.2500000e+05
   9.0000000e+05
   9.2500000e+05
   6.6750000e+05
   2.5000000e+06
   9.2500000e+05
   9.2500000e+05
   7.0000000e+05
   9.2500000e+05
   5.7500000e+05
   5.7500000e+05
   9.2500000e+05
   2.5000000e+06
   1.0000000e+06
   9.5000000e+05
   5.7500000e+05
   9.2500000e+05
   9.2500000e+05
   5.7500000e+05
   9.2500000e+05
   2.0000000e+06
   5.7500000e+05
   9.2500000e+05
   9.2500000e+05
   7.0000000e+05
   9.2500000e+05
   5.7500000e+05
   4.0000000e+06
   9.2500000e+05
   8.0000000e+05
   9.2500000e+05
   9.2500000e+05
   9.2500000e+05
   9.2500000e+05
   9.2500000e+05
   5.0000000e+06
   1.3000000e+06
   5.0000000e+06
   8.0000000e+05
   9.2500000e+05
   5.7500000e+05
   5.7500000e+05
   9.2500000e+05
   8.0000000e+05
   9.2500000e+05
   6.0000000e+06
   5.0000000e+06
   8.0000000e+05
   9.2500000e+05
   5.0000000e+06
   9.2500000e+05
   4.0000000e+06
   6.0000000e+06
   9.2500000e+05
   9.2500000e+05
   5.0000000e+06
   9.2500000e+05
   1.3000000e+06
   9.2500000e+05
   9.2500000e+05
   9.2500000e+05
   9.2500000e+05
   9.2500000e+05
   9.2500000e+05
   7.0000000e+05
   9.2500000e+05
   1.3000000e+06
   4.2500000e+06
   9.2500000e+05
   2.5000000e+06
   5.7500000e+05
   9.2500000e+05
   9.2500000e+05
   5.0000000e+06
   5.7500000e+05
   4.0000000e+06
   9.2500000e+05
   9.2500000e+05
   9.2500000e+05
   8.0000000e+06
   5.7500000e+05
   9.2500000e+05
   9.2500000e+05
   9.2500000e+05
   9.2500000e+05
   5.0000000e+06
   6.0000000e+05
   9.2500000e+05
   8.0000000e+05
   1.0000000e+07
   9.2500000e+05
